0.00
-0.000400639
-0.000377525
-0.0002614
-0.000223393
-0.000207298
-0.000168498
-0.000154197
-0.000105862
-0.000150752
-0.000102885
-0.000135388
-0.000219087
-0.000268806
-0.00025921
-0.000180486
-0.000216433
-0.000125931
-9.79882E-05
-9.39428E-05
-9.871E-05
8.17961E-05
0.000428473
0.000958344
0.001161471
0.001654939
0.001954165
0.002342727
0.001993804
0.001835952
0.001433233
0.001232902
0.001018065
0.000506203
0.0002504
-4.85914E-05
-0.000287553
-0.000493144
-0.000580142
-0.000930606
-0.001124148
-0.001512152
-0.001812683
-0.00231319
-0.002612598
-0.002093161
-0.001851031
-0.0013882
-0.001071239
-0.000738266
-0.000575443
-0.000415934
-0.000171351
5.32979E-05
0.000357756
0.000588361
0.001059557
0.001457692
0.001874857
0.002181726
0.002451196
0.001854386
0.001627874
0.001400498
0.001113321
0.000823589
0.000290883
8.60986E-05
-0.000319925
-0.000388131
-0.00069509
-0.001045225
-0.001648277
-0.001965709
-0.002383102
-0.002380057
-0.002361388
-0.002102172
-0.001618751
-0.001297559
-0.001074689
-0.000787394
-0.000349523
-0.000248753
-0.000101693
0.000414211
0.001495156
0.002352012
0.003136285
0.004030468
0.005000837
0.005855081
0.005909179
0.005281737
0.004724982
0.004038703
0.003246575
0.00250877
0.001336918
0.000679719
-0.000364756
-0.000818843
-0.001623119
-0.002307101
-0.003109654
-0.004132568
-0.005072321
-0.006065825
-0.006499949
-0.005972943
-0.004549875
-0.003991997
-0.003071514
-0.002412374
-0.001641794
-0.000957026
-0.000353026
0.00054763
0.001498135
0.002336558
0.00331152
0.004165396
0.00513905
0.005948241
0.006110823
0.005529307
0.004807089
0.004109816
0.003066865
0.002488483
0.0014953
0.000677971
-1.92575E-05
-0.000972321
-0.00154261
-0.002323979
-0.003296304
-0.004073844
-0.005016344
-0.005915754
-0.006518609
-0.005653727
-0.004126699
-0.003672241
-0.002958288
-0.002195458
-0.001535449
-0.000742894
-0.000397786
0.001654795
0.003342629
0.00580998
0.007372645
0.008705504
0.009841261
0.011615938
0.013009603
0.0114164
0.009863026
0.008569254
0.006923253
0.005214985
0.003065496
0.001547826
8.5948E-05
-0.002134415
-0.003489975
-0.005114411
-0.007023859
-0.008625373
-0.010603461
-0.01220284
-0.013698539
-0.012359219
-0.010439148
-0.008822138
-0.006500147
-0.004534423
-0.002343714
-0.001085029
0.000100178
0.001912766
0.003902538
0.005508521
0.007640243
0.009325845
0.010645021
0.012317216
0.013835092
0.011529216
0.00984298
0.008434448
0.006886176
0.005185354
0.003235888
0.00158491
-0.000631782
-0.002175395
-0.003515995
-0.005087989
-0.006863156
-0.008769341
-0.010511894
-0.012122428
-0.013847616
-0.01236125
-0.010620454
-0.008775825
-0.006979143
-0.004973323
-0.003361321
-0.002006749
-0.000526434
-0.000619859
-0.000738706
0.001948663
0.005093959
0.00786666
0.010108112
0.012694566
0.015056903
0.018101293
0.020145626
0.017752553
0.015378159
0.01332337
0.009216233
0.007858031
0.004687202
0.002670269
-6.93854E-06
-0.002683776
-0.006295623
-0.008036488
-0.010783078
-0.013295687
-0.015810153
-0.019145918
-0.021219856
-0.019067045
-0.016109092
-0.014489015
-0.010778499
-0.007979289
-0.005026226
-0.002793687
-0.000315555
0.003307488
0.005857417
0.008850124
0.011165353
0.014416965
0.016512854
0.018670183
0.020558464
0.018380752
0.015747075
0.013687464
0.010794341
0.007757926
0.005590809
0.002724308
6.93916E-05
-0.002467932
-0.005250355
-0.007955154
-0.011125157
-0.013410296
-0.015909084
-0.018898995
-0.021123318
-0.018900554
-0.015238228
-0.012277478
-0.010243517
-0.007746658
-0.004905189
-0.003053034
-0.000247099
0.004511899
0.007219416
0.011009312
0.013846852
0.017816575
0.020964437
0.025285257
0.0285247
0.025500821
0.022255287
0.019216132
0.015404664
0.012188231
0.008367557
0.004546064
0.000425665
-0.004022767
-0.007122911
-0.011546909
-0.015109249
-0.018260439
-0.021985669
-0.025987831
-0.02941396
-0.026047625
-0.022681094
-0.016519826
-0.012444262
-0.010838397
-0.007941003
-0.004389842
-0.000413277
0.00337867
0.008160597
0.011403061
0.014919816
0.017867524
0.021835982
0.025612076
0.028751221
0.026136553
0.021421563
0.018473594
0.015537858
0.011721644
0.007481744
0.003980203
-4.53576E-05
-0.003748677
-0.007270549
-0.011153736
-0.014686045
-0.018322661
-0.022481872
-0.027109
-0.029708644
-0.02622601
-0.022817321
-0.018459918
-0.015138064
-0.011410288
-0.008302064
-0.004498108
-0.000467571
0.005455494
0.01227893
0.016451204
0.021704276
0.028503342
0.033189792
0.039911408
0.045519981
0.041056131
0.036920793
0.030859241
0.025186081
0.017236488
0.012390909
0.00652634
0.000937521
-0.005532767
-0.011263477
-0.016779167
-0.022695946
-0.029217556
-0.035626443
-0.04161495
-0.046012571
-0.04251303
-0.037390306
-0.029458049
-0.022696622
-0.018714029
-0.013307215
-0.00643347
-0.000805938
0.009524245
0.012712736
0.018590461
0.022840746
0.028489704
0.033811451
0.041362877
0.045748425
0.043058656
0.037565755
0.029717181
0.024561116
0.019256835
0.011375357
0.006354226
-0.000272734
-0.005979399
-0.01245228
-0.017611701
-0.023893114
-0.029481282
-0.036632407
-0.042744778
-0.046124303
-0.042566867
-0.0354091
-0.029740337
-0.020202215
-0.017074354
-0.012727791
-0.006583965
-0.000851007
-0.000736326
-0.000901043
-0.000617
-0.00070069
-0.000708293
0.003951703
0.00804853
0.011815399
0.015335222
0.018990501
0.022684458
0.026189019
0.029489798
0.027483847
0.024146824
0.021335728
0.017062067
0.012735837
0.008717882
0.004557216
0.000387081
-0.003359401
-0.007816014
-0.012178797
-0.015433711
-0.019523001
-0.023088261
-0.029752708
-0.029839289
-0.027540964
-0.023634614
-0.020146761
-0.016225337
-0.01216997
-0.008339601
-0.004077121
-0.000605753
0.003672446
0.008470548
0.011618613
0.015704471
0.018697181
0.022374504
0.026446542
0.029337273
0.026312201
0.023750237
0.020004035
0.016587537
0.012487531
0.008460847
0.004378678
0.000385542
-0.003855664
-0.008532613
-0.012166127
-0.015238447
-0.019413085
-0.023460197
-0.027935889
-0.029989552
-0.027680386
-0.02495858
-0.019573558
-0.013052252
-0.011102495
-0.008511871
-0.004833199
-0.000603962
0.005823066
0.011223456
0.017083875
0.02211833
0.02797165
0.03418522
0.040914331
0.045611738
0.042307002
0.036876113
0.031125716
0.024990519
0.017977548
0.008631344
0.002185355
-0.000430843
-0.005554357
-0.01154097
-0.01798207
-0.026534457
-0.029687283
-0.035043508
-0.042087769
-0.046115406
-0.043608896
-0.034789423
-0.029995216
-0.02410867
-0.019264515
-0.012666946
-0.006721497
-0.000801153
0.005473934
0.010824824
0.016561648
0.022004797
0.028769869
0.034924326
0.042086281
0.045271719
0.043044666
0.036873989
0.031720759
0.026097175
0.016354819
0.011710194
0.005509641
-0.000942668
-0.005525143
-0.012398264
-0.019148883
-0.024869304
-0.029483998
-0.03549885
-0.042608256
-0.045997095
-0.042959246
-0.036180937
-0.03162334
-0.026111825
-0.018063365
-0.012962388
-0.003112736
-0.000696203
0.007961581
0.015598673
0.022822012
0.030093702
0.038287996
0.046470108
0.055885029
0.062115691
0.055264014
0.049551172
0.043760644
0.035260198
0.027023432
0.016816796
0.009611738
0.000728644
-0.006886004
-0.015185126
-0.023652421
-0.030443869
-0.038937316
-0.047454437
-0.055604238
-0.062085535
-0.057003606
-0.050794111
-0.042522624
-0.034165679
-0.025744824
-0.016723815
-0.008191658
-0.000649533
0.008419034
0.016050044
0.023780313
0.030488971
0.039151838
0.048336583
0.055768957
0.062452037
0.059424385
0.051563156
0.044233766
0.030874675
0.022825688
0.016322785
0.00949657
0.0010244
-0.007205418
-0.014856411
-0.022922188
-0.033758169
-0.04192314
-0.048221693
-0.05863031
-0.06232469
-0.059774469
-0.052351534
-0.044432326
-0.031054043
-0.022588226
-0.016801945
-0.009032109
-0.000840473
-0.006239271
-0.006344883
-0.006381961
-0.006340116
-0.006237825
-0.000809328
-0.000905203
0.009012605
0.018066304
0.030319859
0.037849488
0.048471832
0.059859492
0.073030704
0.079849024
0.074074714
0.066102349
0.055247626
0.046203506
0.035975455
0.02503653
0.01375604
0.00146085
-0.010672724
-0.028316891
-0.031917922
-0.040858473
-0.050713273
-0.060797565
-0.071436596
-0.079225387
-0.071459685
-0.06377466
-0.054819884
-0.042742383
-0.02974971
-0.020878884
-0.010227085
-0.000822103
0.009723749
0.022338826
0.029018213
0.03869778
0.051062295
0.064042658
0.073161317
0.080464602
0.074571831
0.065050488
0.053823366
0.044782006
0.036409615
0.024994928
0.013417693
0.000604777
-0.012157841
-0.020879377
-0.031465828
-0.041129832
-0.052021713
-0.06311212
-0.07250189
-0.079566875
-0.07364854
-0.064701769
-0.055099002
-0.046867467
-0.030227103
-0.016032889
-0.007492266
-0.000762769