14.867	0.00111378	-0.936657474	-0.000400639
29.6125	0.00236378	-0.909523454	-0.000377525
17.4332	0.00136378	-0.542991774	-0.0002614
5.25434	0.000363776	-0.502290744	-0.000223393
-6.75135	-0.000636224	-0.570125794	-0.000207298
-18.5479	-0.00163622	-0.556558784	-0.000168498
-30.2231	-0.00263622	-0.570125794	-0.000154197
-19.0492	-0.00171804	-0.542991774	-0.000105862
-7.87321	-0.00079986	-0.542991774	-0.000150752
3.3037	0.000118321	-0.488679252	-0.000102885
14.4806	0.0010365	-0.271518128	-0.000135388
25.63	0.00195469	-3.47515625	-0.000219087
36.4091	0.00287287	-3.393709708	-0.000268806
46.5732	0.00379105	-2.905030456	-0.00025921
56.3432	0.00470923	0.067875084	-0.000180486
65.8347	0.00562741	-1.248876632	-0.000216433
75.0195	0.00654559	-0.814509902	-0.000125931
83.6514	0.00746378	0.108598355	-9.79882E-05
73.2189	0.00651378	-1.208175602	-9.39428E-05
62.7871	0.00556378	0	-9.871E-05
52.3556	0.00461378	4.153898192	8.17961E-05
41.8873	0.00366378	11.3214074	0.000428473
31.2643	0.00271378	19.57490461	0.000958344
20.2159	0.00176378	23.81025379	0.001161471
8.69537	0.000813776	31.31713397	0.001654939
-2.75398	-0.000136224	35.79682723	0.001954165
-14.1704	-0.00108622	42.06840223	0.002342727
-25.3117	-0.00203622	34.49364697	0.001993804
-35.9273	-0.00298622	30.35332023	0.001835952
-46.0367	-0.00393622	22.34417155	0.001433233
-55.9211	-0.00488622	18.58394351	0.001232902
-65.629	-0.00583622	11.93227871	0.001018065
-75.0534	-0.00678622	5.429931085	0.000506203
-83.9686	-0.00773622	-0.312219158	0.0002504
-73.8258	-0.0068135	-6.651660352	-4.85914E-05
-63.6837	-0.00589077	-9.828164454	-0.000287553
-53.5421	-0.00496804	-13.79204444	-0.000493144
-43.3934	-0.00404531	-13.64271836	-0.000580142
-33.2031	-0.00312259	-18.42106377	-0.000930606
-22.9102	-0.00219986	-22.58853787	-0.001124148
-12.3439	-0.00127713	-30.70628046	-0.001512152
-1.60327	-0.000354406	-34.60223643	-0.001812683
9.17095	0.000568321	-42.4892064	-0.00231319
19.6924	0.00149105	-45.82847014	-0.002612598
29.9502	0.00241378	-37.37150782	-0.002093161
40.0526	0.0033365	-32.98682811	-0.001851031
50.126	0.00425923	-21.02739759	-0.0013882
60.2077	0.00518196	-17.33508022	-0.001071239
70.2376	0.00610469	-11.94586351	-0.000738266
79.8937	0.00702741	-7.954849506	-0.000575443
88.2964	0.00795014	-2.524931766	-0.000415934
95.847	0.00887287	0.434393419	-0.000171351
102.923	0.00979559	1.588256499	5.32979E-05
109.614	0.0107183	6.515919081	0.000357756
115.948	0.011641	11.53860856	0.000588361
121.905	0.0125638	20.43011999	0.001059557
113.386	0.0116566	27.21753496	0.001457692
104.867	0.0107495	33.67915486	0.001874857
96.3478	0.00984235	39.36701037	0.002181726
87.829	0.0089352	43.31728776	0.002451196
79.3077	0.00802806	30.16327534	0.001854386
70.7789	0.00712092	26.57952073	0.001627874
62.2442	0.00621378	20.38939672	0.001400498
53.678	0.00530663	14.83729137	0.001113321
45.0949	0.00439949	9.828177799	0.000823589
36.4223	0.00349235	-0.081446542	0.000290883
27.4379	0.0025852	-5.063430542	8.60986E-05
17.8749	0.00167806	-10.68337539	-0.000319925
7.98984	0.000770919	-13.38476725	-0.000388131
-2.07403	-0.000136224	-18.42106377	-0.00069509
-12.2474	-0.00104337	-23.98674057	-0.001045225
-22.3218	-0.00195051	-32.59316241	-0.001648277
-32.2457	-0.00285765	-37.29006128	-0.001965709
-42.1449	-0.0037648	-45.19059826	-0.002383102
-52.0499	-0.00467194	-43.72451602	-0.002380057
-61.9318	-0.00557908	-43.14082322	-0.002361388
-71.7188	-0.00648622	-36.81494903	-0.002102172
-81.2505	-0.00739337	-29.33521177	-0.001618751
-89.469	-0.00830051	-22.39846628	-0.001297559
-97.0623	-0.00920765	-18.33961723	-0.001074689
-104.294	-0.0101148	-14.04995107	-0.000787394
-111.168	-0.0110219	-6.339441194	-0.000349523
-117.708	-0.0119291	-5.78288241	-0.000248753
-123.902	-0.0128362	-1.846180928	-0.000101693
-115.053	-0.0119291	9.448083557	0.000414211
-106.203	-0.0110219	27.81483035	0.001495156
-97.3539	-0.0101148	43.20868941	0.002352012
-88.5045	-0.00920765	53.30834085	0.003136285
-79.6539	-0.00830051	61.14104278	0.004030468
-70.801	-0.00739337	67.22257734	0.005000837
-61.9354	-0.00648622	72.29953041	0.005855081
-53.074	-0.00557908	66.84247865	0.005909179
-44.2154	-0.00467194	57.97810569	0.005281737
-35.3747	-0.0037648	49.2494918	0.004724982
-26.3956	-0.00285765	39.62493035	0.004038703
-17.1539	-0.00195051	28.23564787	0.003246575
-7.65379	-0.00104337	18.62466678	0.00250877
1.84267	-0.000136224	3.095062008	0.001336918
11.3552	0.000770919	-6.5566468	0.000679719
20.8838	0.00167806	-23.07721712	-0.000364756
30.0377	0.0025852	-29.21301972	-0.000818843
38.8022	0.00349235	-38.94617062	-0.001623119
47.3606	0.00439949	-47.51211384	-0.002307101
55.8547	0.00530663	-56.43075484	-0.003109654
64.3209	0.00621378	-67.657122	-0.004132568
72.7667	0.00712092	-71.3357834	-0.005072321
81.1985	0.00802806	-78.34036394	-0.006065825
89.6057	0.0089352	-77.81102814	-0.006499949
97.9829	0.00984235	-67.83327072	-0.005972943
106.307	0.0107495	-51.42163682	-0.004549875
114.483	0.0116566	-42.73359051	-0.003991997
121.858	0.0125638	-31.83296503	-0.003071514
127.035	0.0134709	-22.94145805	-0.002412374
131.588	0.0143781	-13.22187416	-0.001641794
134.861	0.0152852	-3.89595597	-0.000957026
135.159	0.0161923	4.873363404	-0.000353026
130.302	0.0170995	16.43911933	0.00054763
128.392	0.0180066	27.63835692	0.001498135
127.629	0.0189138	36.69276588	0.002336558
127.524	0.0198209	45.09558471	0.00331152
127.525	0.0207281	53.66130552	0.004165396
127.457	0.0216352	63.55734951	0.00513905
127.54	0.0225423	70.56197453	0.005948241
127.79	0.0234495	69.15020481	0.006110823
127.964	0.0243566	61.31750288	0.005529307
128.209	0.0252638	51.01422618	0.004807089
120.573	0.0243566	40.77878898	0.004109816
113.003	0.0234495	28.15420133	0.003066865
105.522	0.0225423	19.72423068	0.002488483
98.1324	0.0216352	8.063447861	0.0014953
90.8462	0.0207281	-4.113161576	0.000677971
83.6895	0.0198209	-14.56580883	-1.92575E-05
76.6767	0.0189138	-22.72425245	-0.000972321
69.8054	0.0180066	-30.71984747	-0.00154261
63.0963	0.0170995	-39.97788613	-0.002323979
56.5916	0.0161923	-45.27200032	-0.003296304
50.3123	0.0152852	-54.19064132	-0.004073844
44.2621	0.0143781	-64.87432808	-0.005016344
38.4434	0.0134709	-71.3357834	-0.005915754
32.8456	0.0125638	-73.50783946	-0.006518609
27.4884	0.0116566	-62.06395532	-0.005653727
22.3812	0.0107495	-44.56607098	-0.004126699
17.5635	0.00984235	-38.82402305	-0.003672241
13.0775	0.0089352	-30.17685569	-0.002958288
8.94512	0.00802806	-21.0545761	-0.002195458
5.15034	0.00712092	-11.44357277	-0.001535449
1.66102	0.00621378	-3.733062886	-0.000742894
-1.57249	0.00530663	1.493229603	-0.000397786
-4.55132	0.00439949	27.77410264	0.001654795
-7.32282	0.00349235	44.45757493	0.003342629
-10.0033	0.0025852	68.512155	0.00580998
-12.6619	0.00167806	80.53946506	0.007372645
-15.5024	0.000770919	88.53506007	0.008705504
-18.8698	-0.000136224	94.50796959	0.009841261
-23.2529	-0.00104337	102.3542385	0.011615938
-29.0598	-0.00195051	104.7569782	0.013009603
-36.2957	-0.00285765	86.87890625	0.0114164
-44.463	-0.0037648	70.73843462	0.009863026
-52.6897	-0.00467194	57.81521261	0.008569254
-60.8793	-0.00557908	43.52090856	0.006923253
-69.026	-0.00648622	27.59763365	0.005214985
-77.1464	-0.00739337	8.565716364	0.003065496
-85.2187	-0.00830051	-8.199189132	0.001547826
-93.1655	-0.00920765	-22.08624712	8.5948E-05
-100.934	-0.0101148	-41.43040135	-0.002134415
-108.451	-0.0110219	-54.01404778	-0.003489975
-115.449	-0.0119291	-68.26785986	-0.005114411
-121.356	-0.0128362	-82.54836114	-0.007023859
-125.366	-0.0137434	-91.95585932	-0.008625373
-127.91	-0.0146505	-102.8294842	-0.010603461
-128.934	-0.0155577	-110.1191944	-0.01220284
-129.44	-0.0164648	-112.4540546	-0.013698539
-129.852	-0.0173719	-97.41291108	-0.012359219
-130.754	-0.0182791	-76.50770554	-0.010439148
-131.712	-0.0191862	-62.6884826	-0.008822138
-132.747	-0.0200934	-42.63853247	-0.006500147
-133.805	-0.0210005	-30.77415999	-0.004534423
-134.884	-0.0219077	-11.60646585	-0.002343714
-135.902	-0.0228148	-0.990969996	-0.001085029
-136.858	-0.0237219	10.90058989	0.000100178
-137.744	-0.0246291	26.40304729	0.001912766
-138.594	-0.0255362	40.19507394	0.003902538
-130.398	-0.0246237	51.67936553	0.005508521
-122.288	-0.0237112	65.48497698	0.007640243
-114.246	-0.0227987	77.77019366	0.009325845
-106.299	-0.0218862	86.63456662	0.010645021
-98.4548	-0.0209737	97.98312584	0.012317216
-90.7047	-0.0200612	105.7343812	0.013835092
-83.0644	-0.0191487	87.35406297	0.011529216
-75.5629	-0.0182362	70.92850621	0.00984298
-68.203	-0.0173237	58.01880672	0.008434448
-61.0058	-0.0164112	44.47115084	0.006886176
-54.0153	-0.0154987	30.05467698	0.005185354
-47.2135	-0.0145862	15.55675658	0.003235888
-40.6308	-0.0136737	-0.095013552	0.00158491
-34.26	-0.0127612	-18.23099218	-0.000631782
-28.1004	-0.0118487	-32.1859297	-0.002175395
-22.1341	-0.0109362	-42.13628621	-0.003515995
-16.4055	-0.0100237	-53.95977974	-0.005087989
-10.9567	-0.00911122	-61.94207464	-0.006863156
-5.84977	-0.00819872	-76.60289702	-0.008769341
-1.1149	-0.00728622	-88.31767654	-0.010511894
3.26376	-0.00637372	-97.1687049	-0.012122428
7.31087	-0.00546122	-108.7616037	-0.013847616
11.0292	-0.00454872	-92.0643954	-0.01236125
14.4382	-0.00363622	-76.0597718	-0.010620454
17.6601	-0.00272372	-60.66588606	-0.008775825
20.6418	-0.00181122	-45.19059826	-0.006979143
23.5237	-0.000898724	-30.02752962	-0.004973323
26.3884	1.37759E-05	-17.48436181	-0.003361321
29.4904	0.000926276	-4.764778394	-0.002006749
33.2373	0.00183878	6.230847287	-0.000526434
38.405	0.00275128	3.868826398	-0.000619859
44.7846	0.00366378	3.950277388	-0.000738706
51.2018	0.00457628	30.12255207	0.001948663
57.0899	0.00548878	51.02779319	0.005093959
62.5355	0.00640128	69.44881248	0.00786666
67.6854	0.00731378	84.10967934	0.010108112
72.4959	0.00822628	101.8655148	0.012694566
76.9826	0.00913878	112.2502825	0.015056903
81.1862	0.0100513	123.3409351	0.018101293
85.1072	0.0109638	126.6124528	0.020145626
88.7129	0.0118763	105.3949836	0.017752553
92.0558	0.0127888	84.36758598	0.015378159
95.1649	0.0137013	69.34023192	0.01332337
97.9631	0.0146138	42.48922419	0.009216233
100.557	0.0155263	32.18592526	0.007858031
102.969	0.0164388	9.855325163	0.004687202
105.184	0.0173513	-4.65615335	0.002670269
107.219	0.0182638	-26.0229486	-6.93854E-06
109.084	0.0191763	-42.42137135	-0.002683776
110.822	0.0200888	-61.71121306	-0.006295623
112.45	0.0210013	-71.593779	-0.008036488
113.954	0.0219138	-89.97418622	-0.010783078
115.351	0.0228263	-104.8111573	-0.013295687
116.699	0.0237388	-116.8657793	-0.015810153
117.991	0.0246513	-131.0920126	-0.019145918
119.142	0.0255638	-132.8027903	-0.021219856
120.133	0.0264763	-111.7886038	-0.019067045
121.046	0.0273888	-92.14579746	-0.016109092
121.914	0.0283013	-79.04629328	-0.014489015
122.758	0.0292138	-55.80622756	-0.010778499
123.551	0.0301263	-36.73350249	-0.007979289
124.29	0.0310388	-17.81019246	-0.005026226
125.001	0.0319513	-2.524931766	-0.002793687
125.688	0.0328638	14.83729137	-0.000315555
118.103	0.0319597	36.23122509	0.003307488
110.63	0.0310556	49.65672451	0.005857417
103.253	0.0301514	65.17275782	0.008850124
95.9879	0.0292473	77.6344346	0.011165353
88.8748	0.0283432	94.71160818	0.014416965
81.9018	0.0274391	107.0782714	0.016512854
75.0813	0.026535	118.1281785	0.018670183
68.4425	0.0256309	123.5988417	0.020558464
62.004	0.0247268	103.1280029	0.018380752
55.7953	0.0238227	83.94674177	0.015747075
49.8357	0.0229186	68.44427547	0.013687464
44.1307	0.0220145	49.31737133	0.010794341
38.6858	0.0211104	32.90539047	0.007757926
33.5136	0.0202062	17.40293306	0.005590809
28.6071	0.0193021	-2.375605692	0.002724308
23.9938	0.018398	-19.72420844	6.93916E-05
19.6956	0.0174939	-36.50272988	-0.002467932
15.7178	0.0165898	-48.69311094	-0.005250355
12.0933	0.0156857	-65.13187886	-0.007955154
8.80877	0.0147816	-81.0551004	-0.011125157
5.82809	0.0138775	-95.14610836	-0.013410296
3.12481	0.0129734	-107.7705448	-0.015909084
0.672517	0.0120693	-121.6711698	-0.018898995
-1.55768	0.0111651	-131.1191466	-0.021123318
-3.59127	0.010261	-111.1235979	-0.018900554
-5.45395	0.00935693	-83.07814176	-0.015238228
-7.1695	0.00845282	-63.77473304	-0.012277478
-8.78719	0.00754871	-51.95097262	-0.010243517
-10.325	0.0066446	-36.42128333	-0.007746658
-11.7691	0.00574049	-19.37128825	-0.004905189
-13.126	0.00483638	-7.140339604	-0.003053034
-14.4917	0.00393227	11.95942607	-0.000247099
-15.8272	0.00302816	39.43488101	0.004511899
-17.2168	0.00212405	53.57985898	0.007219416
-18.6996	0.00121994	73.19548686	0.011009312
-20.439	0.000315831	88.33142148	0.013846852
-22.6843	-0.000588279	110.0783154	0.017816575
-25.9341	-0.00149239	126.4223812	0.020964437
-30.8757	-0.0023965	135.3003211	0.025285257
-37.3602	-0.00330061	134.8116419	0.0285247
-44.2613	-0.00420472	110.200463	0.025500821
-51.1466	-0.00510883	85.77935569	0.022255287
-57.6848	-0.00601294	67.69768958	0.019216132
-63.967	-0.00691705	47.13183722	0.015404664
-70.0016	-0.00782116	31.35786169	0.012188231
-75.7289	-0.00872527	11.21280905	0.008367557
-81.1071	-0.00962937	-11.00920604	0.004546064
-86.1598	-0.0105335	-28.48000084	0.000425665
-90.8859	-0.0114376	-49.45330832	-0.004022767
-95.2747	-0.0123417	-61.83353856	-0.007122911
-99.3537	-0.0132458	-84.80181926	-0.011546909
-103.128	-0.0141499	-102.2183015	-0.015109249
-106.66	-0.015054	-117.7887808	-0.018260439
-109.852	-0.0159581	-134.6350039	-0.021985669
-112.81	-0.0168623	-137.7571954	-0.025987831
-115.576	-0.0177664	-137.9475784	-0.02941396
-118.093	-0.0186705	-109.2366715	-0.026047625
-120.368	-0.0195746	-84.9784128	-0.022681094
-122.509	-0.0204787	-51.05510514	-0.016519826
-124.54	-0.0213828	-31.23570522	-0.012444262
-126.44	-0.0222869	-23.57946338	-0.010838397
-128.154	-0.023191	-8.11774259	-0.007941003
-129.812	-0.0240951	7.656206254	-0.004389842
-131.417	-0.0249992	21.97765322	-0.000413277
-132.897	-0.0259033	36.90996259	0.00337867
-134.132	-0.0268075	56.21337131	0.008160597
-135.269	-0.0277116	70.54840752	0.011403061
-136.335	-0.0286157	85.63002962	0.014919816
-137.313	-0.0295198	97.9016793	0.017867524
-138.244	-0.0304239	114.205044	0.021835982
-139.112	-0.031328	127.6848693	0.025612076
-139.941	-0.0322321	132.2731431	0.028751221
-140.742	-0.0331362	111.3815046	0.026136553
-132.676	-0.0322316	77.62086759	0.021421563
-124.715	-0.031327	61.12747577	0.018473594
-116.851	-0.0304224	45.96436265	0.015537858
-109.081	-0.0295178	26.95961497	0.011721644
-101.421	-0.0286132	5.212734375	0.007481744
-93.8755	-0.0277086	-12.31235071	0.003980203
-86.4656	-0.026804	-29.41665831	-4.53576E-05
-79.1962	-0.0258994	-43.5073549	-0.003748677
-72.0733	-0.0249948	-56.62069298	-0.007270549
-65.1258	-0.0240902	-74.91969814	-0.011153736
-58.3834	-0.0231856	-89.89233934	-0.014686045
-51.8586	-0.0222811	-104.6483532	-0.018322661
-45.55	-0.0213765	-120.2188325	-0.022481872
-39.4753	-0.0204719	-133.7662704	-0.027109
-33.6354	-0.0195673	-136.9836535	-0.029708644
-28.019	-0.0186627	-108.0828084	-0.02622601
-22.6318	-0.0177581	-85.19548496	-0.022817321
-17.4975	-0.0168535	-60.29935438	-0.018459918
-12.6456	-0.0159489	-43.62950247	-0.015138064
-8.10764	-0.0150443	-25.98224757	-0.011410288
-3.91171	-0.0141397	-10.08611557	-0.008302064
-0.0559183	-0.0132351	7.086062668	-0.004498108
3.48878	-0.0123305	20.48441916	-0.000467571
6.74468	-0.0114259	43.67023464	0.005455494
9.73186	-0.0105213	71.97374424	0.01227893
12.4772	-0.00961668	89.90612876	0.016451204
15.002	-0.00871209	111.3950716	0.021704276
17.3292	-0.00780749	133.9292969	0.028503342
19.4774	-0.00690289	137.947445	0.033189792
21.4462	-0.00599829	142.3999597	0.039911408
23.2636	-0.0050937	142.2099326	0.045519981
25.0221	-0.0041891	108.4764741	0.041056131
26.6705	-0.0032845	79.60280758	0.036920793
28.27	-0.0023799	51.97801768	0.030859241
29.858	-0.0014753	26.76956563	0.025186081
31.4304	-0.000570707	-0.529424764	0.017236488
33.0931	0.000333891	-13.05898108	0.012390909
35.0819	0.00123849	-26.63381991	0.00652634
37.8073	0.00214309	-38.82402305	0.000937521
42.2659	0.00304768	-57.38089036	-0.005532767
48.3243	0.00395228	-79.45330358	-0.011263477
54.4196	0.00485688	-99.31362694	-0.016779167
59.7224	0.00576148	-117.4903066	-0.022695946
64.495	0.00666607	-135.3547226	-0.029217556
68.9329	0.00757067	-142.6715668	-0.035626443
73.1458	0.00847527	-146.0379646	-0.04161495
77.201	0.00937987	-143.4317642	-0.046012571
81.0372	0.0102845	-115.6438588	-0.04251303
84.6153	0.0111891	-82.64355262	-0.037390306
87.9054	0.0120937	-45.69280004	-0.029458049
90.9953	0.0129983	-18.99118956	-0.022696622
93.8159	0.0139029	-6.285128672	-0.018714029
96.4173	0.0148075	8.416394738	-0.013307215
98.8494	0.0157121	22.19484993	-0.00643347
101.121	0.0166166	31.91442937	-0.000805938
103.185	0.0175212	59.78354111	0.009524245
105.098	0.0184258	69.17733883	0.012712736
106.878	0.0193304	87.19112541	0.018590461
108.553	0.020235	99.23200247	0.022840746
110.134	0.0211396	113.6349182	0.028489704
111.588	0.0220442	124.9155979	0.033811451
112.941	0.0229488	137.8116859	0.041362877
114.228	0.0238534	141.0289355	0.045748425
115.454	0.024758	118.4132636	0.043058656
116.624	0.0256626	83.55307607	0.037565755
117.734	0.0265672	45.4756834	0.029717181
118.793	0.0274718	23.95957541	0.024561116
119.807	0.0283764	4.886939311	0.019256835
120.787	0.029281	-16.72420891	0.011375357
121.701	0.0301856	-26.71526645	0.006354226
122.599	0.0310902	-39.05479566	-0.000272734
123.484	0.0319948	-54.40771348	-0.005979399
124.346	0.0328994	-74.44418556	-0.01245228
125.088	0.033804	-91.11425988	-0.017611701
125.764	0.0347086	-108.1508659	-0.023893114
126.42	0.0356132	-120.0151049	-0.029481282
127.059	0.0365178	-133.2912026	-0.036632407
127.681	0.0374224	-143.3232281	-0.042744778
128.289	0.038327	-141.5039143	-0.046124303
128.882	0.0392316	-113.4041901	-0.042566867
129.462	0.0401362	-72.17738284	-0.0354091
130.03	0.0410408	-46.0188531	-0.029740337
130.586	0.0419454	-10.20826314	-0.020202215
131.132	0.04285	-1.099550558	-0.017074354
131.667	0.0437546	10.3168704	-0.012727791
132.193	0.0446592	22.19484993	-0.006583965
132.709	0.0455638	29.7831811	-0.000851007
125.125	0.0446588	30.12255207	-0.000736326
117.667	0.0437539	29.86462764	-0.000901043
110.328	0.0428489	31.18138825	-0.000617
103.111	0.041944	30.81486547	-0.00070069
96.039	0.041039	30.1904227	-0.000708293
89.1247	0.0401341	44.15892723	0.003951703
82.3803	0.0392291	55.07307524	0.00804853
75.8186	0.0383242	66.02796875	0.011815399
69.4734	0.0374192	76.73852264	0.015335222
63.3529	0.0365143	87.35406297	0.018990501
57.477	0.0356093	97.41300004	0.022684458
51.8691	0.0347044	106.3452081	0.026189019
46.5357	0.0337994	111.191433	0.029489798
41.4717	0.0328945	97.04646836	0.027483847
36.6995	0.0319895	74.24076937	0.024146824
32.2087	0.0310846	58.588977	0.021335728
28.0047	0.0301796	38.74256761	0.017062067
24.0973	0.0292747	19.83282904	0.012735837
20.4917	0.0283697	2.362020889	0.008717882
17.1738	0.0274648	-12.65174837	0.004557216
14.1393	0.0265598	-24.73332646	0.000387081
11.384	0.0256549	-37.50726688	-0.003359401
8.87994	0.0247499	-52.60263392	-0.007816014
6.59582	0.023845	-67.45339444	-0.012178797
4.50549	0.02294	-77.44449646	-0.015433711
2.58776	0.0220351	-92.91978426	-0.019523001
0.822029	0.0211301	-101.6346977	-0.023088261
-0.81003	0.0202252	-114.5851872	-0.029752708
-2.33075	0.0193202	-113.3361326	-0.029839289
-3.76544	0.0184153	-97.11443686	-0.027540964
-5.11297	0.0175103	-71.94652126	-0.023634614
-6.3845	0.0166054	-53.57990346	-0.020146761
-7.58227	0.0157004	-35.67465296	-0.016225337
-8.71413	0.0147955	-18.13597863	-0.01216997
-9.78743	0.0138905	-1.9683285	-0.008339601
-10.8061	0.0129856	13.58840584	-0.004077121
-11.7789	0.0120806	23.25368611	-0.000605753
-12.7106	0.0111757	36.46199326	0.003672446
-13.6034	0.0102707	51.23143179	0.008470548
-14.4648	0.00936576	61.75191409	0.011618613
-15.3485	0.00846081	75.16381536	0.015704471
-16.2157	0.00755586	84.84269822	0.018697181
-17.0468	0.0066509	95.60752015	0.022374504
-17.8465	0.00574595	106.6710387	0.026446542
-18.6531	0.004841	110.7842003	0.029337273
-19.5187	0.00393605	88.33142148	0.026312201
-20.3531	0.0030311	71.75653864	0.023750237
-21.3096	0.00212615	51.97801768	0.020004035
-22.3283	0.0012212	36.1497741	0.016587537
-23.6007	0.000316251	18.90973857	0.012487531
-25.3023	-0.000588699	1.805453209	0.008460847
-27.8502	-0.00149365	-14.21284416	0.004378678
-31.9725	-0.0023986	-26.81028	0.000385542
-37.9229	-0.00330355	-39.3398808	-0.003855664
-44.612	-0.0042085	-54.6794985	-0.008532613
-51.3056	-0.00511345	-67.9284622	-0.012166127
-57.5157	-0.0060184	-77.85150676	-0.015238447
-63.3212	-0.00692335	-91.07333644	-0.019413085
-68.7563	-0.0078283	-103.4540115	-0.023460197
-73.9252	-0.00873325	-114.7751253	-0.027935889
-78.8435	-0.0096382	-117.2185216	-0.029989552
-83.5577	-0.0105432	-98.59390818	-0.027680386
-88.0512	-0.0114481	-79.62989712	-0.02495858
-92.2358	-0.0123531	-51.16364122	-0.019573558
-96.1288	-0.013258	-22.4527788	-0.013052252
-99.7446	-0.014163	-14.00920556	-0.011102495
-103.159	-0.0150679	-3.08149055	-0.008511871
-106.254	-0.0159729	10.27614712	-0.004833199
-109.148	-0.0168778	20.33509754	-0.000603962
-111.875	-0.0177828	41.72903126	0.005823066
-114.399	-0.0186877	59.64782653	0.011223456
-116.682	-0.0195927	79.15482936	0.017083875
-118.83	-0.0204976	94.49440258	0.02211833
-120.862	-0.0214026	110.6077402	0.02797165
-122.792	-0.0223075	123.7753018	0.03418522
-124.561	-0.0232125	134.9066554	0.040914331
-126.217	-0.0241174	139.2913351	0.045611738
-127.79	-0.0250224	113.0240469	0.042307002
-129.269	-0.0259273	78.50325702	0.036876113
-130.676	-0.0268323	50.90560114	0.031125716
-132.032	-0.0277372	25.71072945	0.024990519
-133.354	-0.0286422	1.208157809	0.017977548
-134.587	-0.0295471	-21.90978703	0.008631344
-135.73	-0.0304521	-33.25834624	0.002185355
-136.876	-0.031357	-38.60681744	-0.000430843
-138.017	-0.032262	-50.76997552	-0.005554357
-139.129	-0.0331669	-69.51691442	-0.01154097
-140.05	-0.0340719	-89.10500794	-0.01798207
-140.88	-0.0349768	-110.6756642	-0.026534457
-141.661	-0.0358818	-117.2999236	-0.029687283
-142.418	-0.0367867	-127.9836104	-0.035043508
-143.146	-0.0376917	-138.6397183	-0.042087769
-143.858	-0.0385966	-138.9929054	-0.046115406
-144.553	-0.0395016	-119.078314	-0.043608896
-145.231	-0.0404065	-66.39427802	-0.034789423
-145.892	-0.0413115	-44.7155305	-0.029995216
-146.539	-0.0422164	-22.68355142	-0.02410867
-147.171	-0.0431214	-6.067967548	-0.019264515
-147.782	-0.0440263	11.47073348	-0.012666946
-148.368	-0.0449313	22.61566744	-0.006721497
-148.942	-0.0458362	31.39858496	-0.000801153
-141.061	-0.044931	43.75168118	0.005473934
-133.32	-0.0440258	60.46229195	0.010824824
-125.659	-0.0431206	80.25437992	0.016561648
-118.081	-0.0422154	98.87908228	0.022004797
-110.62	-0.0413101	116.2819976	0.028769869
-103.281	-0.0404049	129.0423265	0.034924326
-96.0653	-0.0394997	141.5447488	0.042086281
-88.9765	-0.0385945	142.7936254	0.045271719
-82.0263	-0.0376893	123.9381949	0.043044666
-75.2639	-0.0367841	84.76125168	0.036873989
-68.7073	-0.0358788	58.81974961	0.031720759
-62.3297	-0.0349736	34.43934779	0.026097175
-56.1522	-0.0340684	0.515844409	0.016354819
-50.2101	-0.0331632	-12.92322201	0.011710194
-44.5007	-0.032258	-26.52523935	0.005509641
-39.0202	-0.0313527	-40.03215417	-0.000942668
-33.7601	-0.0304475	-54.20443074	-0.005525143
-28.7427	-0.0295423	-77.6344346	-0.012398264
-23.9661	-0.0286371	-97.62998324	-0.019148883
-19.432	-0.0277319	-112.1822695	-0.024869304
-15.1751	-0.0268267	-121.9020314	-0.029483998
-11.1928	-0.0259214	-133.8614619	-0.03549885
-7.4869	-0.0250162	-145.4543607	-0.042608256
-4.0744	-0.024111	-145.3186906	-0.045997095
-0.933388	-0.0232058	-121.3455615	-0.042959246
1.95833	-0.0223006	-80.87895168	-0.036180937
4.6191	-0.0213954	-58.80609364	-0.03162334
7.07129	-0.0204901	-35.11809418	-0.026111825
9.33601	-0.0195849	-7.30327717	-0.018063365
11.4235	-0.0186797	6.855290052	-0.012962388
13.3511	-0.0177745	26.9188917	-0.003112736
15.1355	-0.0168693	30.54336958	-0.000696203
16.7939	-0.0159641	55.35816037	0.007961581
18.3413	-0.0150588	78.93762375	0.015598673
19.79	-0.0141536	99.48995359	0.022822012
21.1522	-0.0132484	117.4358606	0.030093702
22.4389	-0.0123432	133.2776801	0.038287996
23.6784	-0.011438	146.0787546	0.046470108
24.8866	-0.0105327	152.6625354	0.055885029
26.0398	-0.00962753	152.0652311	0.062115691
27.1319	-0.00872231	103.6845617	0.055264014
28.1701	-0.00781709	73.33124592	0.049551172
29.1602	-0.00691188	48.40784787	0.043760644
30.1276	-0.00600666	17.67442895	0.035260198
31.1314	-0.00510144	-3.977446994	0.027023432
32.0948	-0.00419622	-20.24006619	0.016816796
33.0286	-0.00329101	-30.35331579	0.009611738
34.0648	-0.00238579	-44.0910477	0.000728644
35.0755	-0.00148057	-62.86507614	-0.006886004
36.2269	-0.000575355	-87.6117472	-0.015185126
37.5193	0.000329863	-108.6530677	-0.023652421
39.1791	0.00123508	-123.3815027	-0.030443869
41.5531	0.0021403	-136.9565194	-0.038937316
45.4488	0.00304552	-148.0743505	-0.047454437
51.2285	0.00395073	-152.6084008	-0.055604238
57.47	0.00485595	-151.0742166	-0.062085535
63.1686	0.00576117	-114.2186555	-0.057003606
68.0653	0.00666638	-78.88348916	-0.050794111
72.3778	0.0075716	-43.86027509	-0.042522624
76.2987	0.00847682	-16.95498153	-0.034165679
79.9698	0.00938204	2.40274416	-0.025744824
83.3849	0.0102873	17.13143718	-0.016723815
86.5217	0.0111925	28.31709886	-0.008191658
89.4875	0.0120977	37.96880322	-0.000649533
92.1805	0.0130029	59.21341531	0.008419034
94.746	0.0139081	78.99193628	0.016050044
97.1708	0.0148133	97.16866042	0.023780313
99.3803	0.0157186	110.8656468	0.030488971
101.453	0.0166238	126.0287155	0.039151838
103.405	0.017529	138.951982	0.048336583
105.197	0.0184342	147.1511711	0.055768957
106.85	0.0193394	150.5041353	0.062452037
108.393	0.0202446	126.8703594	0.059424385
109.84	0.0211499	80.14579936	0.051563156
111.218	0.0220551	47.49832442	0.044233766
112.536	0.0229603	4.438969985	0.030874675
113.759	0.0238655	-12.57030183	0.022825688
114.889	0.0247707	-22.31701974	0.016322785
115.972	0.0256759	-31.5750584	0.00949657
117.015	0.0265812	-43.54805593	0.0010244
118.022	0.0274864	-62.10487876	-0.007205418
118.997	0.0283916	-81.38115346	-0.014856411
119.936	0.0292968	-100.7930983	-0.022922188
120.843	0.030202	-121.3455615	-0.033758169
121.716	0.0311073	-132.4496032	-0.04192314
122.567	0.0320125	-141.4496463	-0.048221693
123.393	0.0329177	-151.4407483	-0.05863031
124.147	0.0338229	-151.2779442	-0.06232469
124.886	0.0347281	-130.2504131	-0.059774469
125.609	0.0356333	-85.19548496	-0.052351534
126.319	0.0365386	-49.61611244	-0.044432326
127.016	0.0374438	-8.009162028	-0.031054043
127.702	0.038349	9.312333389	-0.022588226
128.378	0.0392542	17.91877747	-0.016801945
129.043	0.0401594	28.00487525	-0.009032109
129.7	0.0410646	37.58870453	-0.000840473
130.363	0.0419699	0.882362745	-0.006239271
131.045	0.0428751	0.828063567	-0.006344883
131.722	0.0437803	0.828063567	-0.006381961
132.387	0.0446855	0.868791287	-0.006340116
132.924	0.0455907	0.176473439	-0.006237825
133.419	0.0464959	37.27648537	-0.000809328
133.905	0.0474012	34.99591547	-0.000905203
134.383	0.0483064	56.66134953	0.009012605
134.853	0.0492116	86.10514186	0.018066304
135.316	0.0501168	111.8973178	0.030319859
135.76	0.051022	124.04682	0.037849488
136.195	0.0519273	139.101308	0.048471832
136.619	0.0528325	151.3865247	0.059859492
137.034	0.0537377	158.1739441	0.073030704
137.443	0.0546429	157.902426	0.079849024
137.841	0.0555481	116.6485292	0.074074714
138.233	0.0564533	75.28600741	0.066102349
138.62	0.0573586	32.62031868	0.055247626
138.995	0.0582638	4.62901933	0.046203506
131.526	0.0573583	-8.986520532	0.035975455
124.202	0.0564529	-23.87811553	0.02503653
116.989	0.0555475	-35.55250539	0.01375604
109.89	0.0546421	-50.00977814	0.00146085
102.942	0.0537366	-75.65231668	-0.010672724
96.1572	0.0528312	-113.1599839	-0.028316891
89.5346	0.0519258	-119.1735055	-0.031917922
83.0849	0.0510204	-131.1462806	-0.040858473
76.8256	0.0501149	-142.6306434	-0.050713273
70.7675	0.0492095	-151.3593462	-0.060797565
64.9335	0.0483041	-157.6037294	-0.071436596
59.36	0.0473987	-156.2870622	-0.079225387
54.0627	0.0464932	-103.6301602	-0.071459685
49.024	0.0455878	-67.10020736	-0.06377466
44.2576	0.0446824	-34.50722287	-0.054819884
39.7846	0.043777	-4.493260266	-0.042742383
35.593	0.0428715	14.74226447	-0.02974971
31.6718	0.0419661	24.23107575	-0.020878884
28.0274	0.0410607	34.37147271	-0.010227085
24.6609	0.0401552	41.19961095	-0.000822103
21.5587	0.0392498	62.77001811	0.009723749
18.7093	0.0383444	88.94229278	0.022338826
16.0925	0.037439	101.0103039	0.029018213
13.6905	0.0365335	115.7661398	0.03869778
11.4893	0.0356281	130.8206279	0.051062295
9.46986	0.0347227	141.4361682	0.064042658
7.60975	0.0338173	141.4497352	0.073161317
5.89921	0.0329118	140.6488368	0.080464602
4.31366	0.0320064	100.8202768	0.074571831
2.83888	0.031101	57.08214925	0.065050488
1.46591	0.0301956	20.09074902	0.053823366
0.176645	0.0292901	-1.438948218	0.044782006
-1.03495	0.0283847	-14.70152341	0.036409615
-2.17775	0.0274793	-27.88269654	0.024994928
-3.26509	0.0265739	-38.09095969	0.013417693
-4.32002	0.0256684	-51.91004918	0.000604777
-5.32451	0.024763	-74.26803684	-0.012157841
-6.28978	0.0238576	-90.31313906	-0.020879377
-7.21559	0.0229521	-107.7976788	-0.031465828
-8.10637	0.0220467	-121.3726956	-0.041129832
-8.96771	0.0211413	-134.4859892	-0.052021713
-9.79544	0.0202359	-144.1919616	-0.06311212
-10.5929	0.0193304	-150.816221	-0.07250189
-11.3665	0.018425	-150.2192726	-0.079566875
-12.11	0.0175196	-110.7979897	-0.07364854
-12.8352	0.0166142	-66.27239734	-0.064701769
-13.5374	0.0157087	-32.66104195	-0.055099002
-14.22	0.0148033	-11.91868501	-0.046867467
-14.89	0.0138979	7.941278048	-0.030227103
-15.5387	0.0129925	19.28983281	-0.016032889
-16.1774	0.012087	28.68361719	-0.007492266
-16.8539	0.0111816	37.41223109	-0.000762769
-17.5128	0.0102762		
-18.1544	0.00937075		
-18.7943	0.00846533		
-19.4272	0.0075599		
-20.0489	0.00665447		
-20.7273	0.00574905		
-21.4167	0.00484362		
-22.0963	0.00393819		
-22.8837	0.00303277		
-23.7168	0.00212734		
-24.6982	0.00122192		
-25.8723	0.000316489		
-27.4404	-0.000588937		
-29.7179	-0.00149436		
-33.3522	-0.00239979		
-38.7004	-0.00330522		
-45.0518	-0.00421064		
-51.5614	-0.00511607		
-57.6405	-0.0060215		
-63.1608	-0.00692692		
-68.2622	-0.00783235		
-72.9691	-0.00873777		
-77.3863	-0.0096432		
-81.5485	-0.0105486		
-85.4425	-0.0114541		
-89.1214	-0.0123595		
-92.6082	-0.0132649		
-95.8807	-0.0141703		
-98.9998	-0.0150758		
-102.013	-0.0159812		
-104.829	-0.0168866		
-107.478	-0.017792		
-109.989	-0.0186975		
-112.384	-0.0196029		
-114.595	-0.0205083		
-116.621	-0.0214137		
-118.543	-0.0223192		
-120.382	-0.0232246		
-122.14	-0.02413		
-123.806	-0.0250354		
-125.334	-0.0259409		
-126.8	-0.0268463		
-128.196	-0.0277517		
-129.523	-0.0286572		
-130.807	-0.0295626		
-132.053	-0.030468		
-133.265	-0.0313734		
-134.446	-0.0322789		
-135.524	-0.0331843		
-136.56	-0.0340897		
-137.571	-0.0349951		
-138.555	-0.0359006		
-139.509	-0.036806		
-140.444	-0.0377114		
-141.366	-0.0386168		
-142.265	-0.0395223		
-143.147	-0.0404277		
-144.015	-0.0413331		
-144.886	-0.0422385		
-145.778	-0.043144		
-146.661	-0.0440494		
-147.512	-0.0449548		
-148.146	-0.0458603		
-148.727	-0.0467657		
-149.283	-0.0476711		
-149.823	-0.0485765		
-150.352	-0.049482		
-150.861	-0.0503874		
-151.36	-0.0512928		
-151.842	-0.0521982		
-152.317	-0.0531037		
-152.777	-0.0540091		
-153.222	-0.0549145		
-153.645	-0.0558199		
-154.052	-0.0567254		
-154.449	-0.0576308		
-154.827	-0.0585362		
-147.09	-0.0576329		
-139.494	-0.0567295		
-131.977	-0.0558262		
-124.54	-0.0549228		
-117.216	-0.0540194		
-110.014	-0.0531161		
-102.926	-0.0522127		
-95.9626	-0.0513094		
-89.1531	-0.050406		
-82.5278	-0.0495027		
-76.0784	-0.0485993		
-69.7978	-0.047696		
-63.7232	-0.0467926		
-57.8729	-0.0458892		
-52.2435	-0.0449859		
-46.833	-0.0440825		
-41.6597	-0.0431792		
-36.7253	-0.0422758		
-32.0131	-0.0413725		
-27.5441	-0.0404691		
-23.3247	-0.0395658		
-19.3541	-0.0386624		
-15.6363	-0.037759		
-12.185	-0.0368557		
-8.9959	-0.0359523		
-6.03873	-0.035049		
-3.30764	-0.0341456		
-0.79047	-0.0332423		
1.52965	-0.0323389		
3.6731	-0.0314356		
5.65583	-0.0305322		
7.50105	-0.0296288		
9.21787	-0.0287255		
10.8249	-0.0278221		
12.335	-0.0269188		
13.7557	-0.0260154		
15.0973	-0.0251121		
16.3626	-0.0242087		
17.5613	-0.0233054		
18.6976	-0.022402		
19.7827	-0.0214986		
20.8146	-0.0205953		
21.8063	-0.0196919		
22.7546	-0.0187886		
23.6686	-0.0178852		
24.5907	-0.0169819		
25.4834	-0.0160785		
26.3476	-0.0151752		
27.1868	-0.0142718		
28.0027	-0.0133684		
28.7932	-0.0124651		
29.5672	-0.0115617		
30.3176	-0.0106584		
31.0521	-0.00975502		
31.8029	-0.00885166		
32.5766	-0.0079483		
33.3349	-0.00704495		
34.0774	-0.00614159		
34.8035	-0.00523824		
35.6137	-0.00433488		
36.4336	-0.00343153		
37.2368	-0.00252817		
38.1854	-0.00162481		
39.1627	-0.000721459		
40.3031	0.000181897		
41.748	0.00108525		
43.7493	0.00198861		
46.98	0.00289196		
52.0428	0.00379532		
57.9221	0.00469868		
63.4652	0.00560203		
68.0749	0.00650539		
71.9768	0.00740874		
75.4314	0.0083121		
78.6013	0.00921545		
81.5846	0.0101188		
84.3611	0.0110222		
86.9856	0.0119255		
89.386	0.0128289		
91.637	0.0137322		
93.785	0.0146356		
95.8005	0.0155389		
97.6484	0.0164423		
99.4037	0.0173457		
101.082	0.018249		
102.691	0.0191524		
104.201	0.0200557		
105.618	0.0209591		
106.998	0.0218624		
108.302	0.0227658		
109.565	0.0236691		
110.781	0.0245725		
111.982	0.0254759		
113.141	0.0263792		
114.186	0.0272826		
115.196	0.0281859		
116.176	0.0290893		
117.128	0.0299926		
118.056	0.030896		
118.961	0.0317993		
119.842	0.0327027		
120.695	0.0336061		
121.53	0.0345094		
122.338	0.0354128		
123.131	0.0363161		
123.911	0.0372195		
124.645	0.0381228		
125.339	0.0390262		
126.022	0.0399295		
126.695	0.0408329		
127.359	0.0417363		
128.014	0.0426396		
128.661	0.043543		
129.3	0.0444463		
129.933	0.0453497		
130.561	0.046253		
131.185	0.0471564		
131.802	0.0480597		
132.415	0.0489631		
133.022	0.0498665		
133.622	0.0507698		
134.218	0.0516732		
134.809	0.0525765		
135.411	0.0534799		
136.025	0.0543832		
136.638	0.0552866		
137.245	0.05619		
137.796	0.0570933		
138.19	0.0579967		
138.576	0.0589		
138.95	0.0598034		
139.316	0.0607067		
139.674	0.0616101		
140.024	0.0625134		
140.369	0.0634168		
140.711	0.0643202		
141.05	0.0652235		
141.38	0.0661269		
141.707	0.0670302		
142.031	0.0679336		
142.353	0.0688369		
142.667	0.0697403		
142.979	0.0706436		
143.288	0.071547		
143.595	0.0724504		
143.898	0.0733537		
144.195	0.0742571		
144.488	0.0751604		
144.776	0.0760638		
137.519	0.075162		
130.396	0.0742602		
123.377	0.0733585		
116.466	0.0724567		
109.696	0.0715549		
103.068	0.0706531		
96.6003	0.0697513		
90.2976	0.0688496		
84.1685	0.0679478		
78.2327	0.067046		
72.5183	0.0661442		
67.0393	0.0652425		
61.8098	0.0643407		
56.8268	0.0634389		
52.1052	0.0625371		
47.6714	0.0616354		
43.4957	0.0607336		
39.5918	0.0598318		
35.954	0.05893		
32.5843	0.0580283		
29.4724	0.0571265		
26.5998	0.0562247		
23.9566	0.0553229		
21.5236	0.0544212		
19.2851	0.0535194		
17.2311	0.0526176		
15.3365	0.0517158		
13.5837	0.0508141		
11.9597	0.0499123		
10.4468	0.0490105		
9.03192	0.0481087		
7.70866	0.047207		
6.46465	0.0463052		
5.29089	0.0454034		
4.17939	0.0445016		
3.12718	0.0435999		
2.13038	0.0426981		
1.16184	0.0417963		
0.235423	0.0408945		
-0.653201	0.0399928		
-1.50772	0.039091		
-2.32693	0.0381892		
-3.11884	0.0372874		
-3.8876	0.0363857		
-4.63104	0.0354839		
-5.35314	0.0345821		
-6.05412	0.0336803		
-6.73586	0.0327786		
-7.39882	0.0318768		
-8.048	0.030975		
-8.6845	0.0300732		
-9.30593	0.0291715		
-9.91197	0.0282697		
-10.5068	0.0273679		
-11.0931	0.0264661		
-11.6678	0.0255644		
-12.2322	0.0246626		
-12.7869	0.0237608		
-13.3331	0.022859		
-13.8722	0.0219573		
-14.4007	0.0210555		
-14.9232	0.0201537		
-15.44	0.0192519		
-15.9489	0.0183502		
-16.4938	0.0174484		
-17.0351	0.0165466		
-17.5718	0.0156448		
-18.104	0.0147431		
-18.6318	0.0138413		
-19.1657	0.0129395		
-19.694	0.0120377		
-20.2185	0.011136		
-20.7372	0.0102342		
-21.2624	0.00933241		
-21.8528	0.00843064		
-22.4364	0.00752886		
-23.0116	0.00662709		
-23.6227	0.00572531		
-24.2882	0.00482354		
-25.0059	0.00392176		
-25.7171	0.00301999		
-26.6326	0.00211821		
-27.6	0.00121644		
-28.8383	0.000314663		
-30.4607	-0.000587112		
-32.7048	-0.00148889		
-36.055	-0.00239066		
-40.8389	-0.00329244		
-46.7259	-0.00419421		
-52.8157	-0.00509599		
-58.7892	-0.00599776		
-64.1928	-0.00689954		
-68.9708	-0.00780131		
-73.3341	-0.00870309		
-77.3804	-0.00960486		
-81.1372	-0.0105066		
-84.6654	-0.0114084		
-87.9352	-0.0123102		
-91.0026	-0.013212		
-93.8965	-0.0141137		
-96.6176	-0.0150155		
-99.1203	-0.0159173		
-101.53	-0.0168191		
-103.859	-0.0177208		
-106.046	-0.0186226		
-108.093	-0.0195244		
-110.047	-0.0204262		
-111.955	-0.0213279		
-113.792	-0.0222297		
-115.557	-0.0231315		
-117.18	-0.0240333		
-118.724	-0.024935		
-120.22	-0.0258368		
-121.69	-0.0267386		
-123.133	-0.0276404		
-124.554	-0.0285421		
-125.927	-0.0294439		
-127.208	-0.0303457		
-128.44	-0.0312475		
-129.634	-0.0321492		
-130.779	-0.033051		
-131.898	-0.0339528		
-132.993	-0.0348546		
-134.067	-0.0357563		
-135.121	-0.0366581		
-136.158	-0.0375599		
-137.178	-0.0384617		
-138.096	-0.0393634		
-138.982	-0.0402652		
-139.854	-0.041167		
-140.713	-0.0420688		
-141.56	-0.0429705		
-142.389	-0.0438723		
-143.205	-0.0447741		
-144.011	-0.0456759		
-144.808	-0.0465776		
-145.601	-0.0474794		
-146.387	-0.0483812		
-147.166	-0.049283		
-147.938	-0.0501847		
-148.704	-0.0510865		
-149.463	-0.0519883		
-150.224	-0.0528901		
-150.992	-0.0537918		
-151.72	-0.0546936		
-152.419	-0.0555954		
-153.093	-0.0564972		
-153.62	-0.0573989		
-154.045	-0.0583007		
-154.461	-0.0592025		
-154.855	-0.0601043		
-155.235	-0.061006		
-155.599	-0.0619078		
-155.939	-0.0628096		
-156.221	-0.0637114		
-156.487	-0.0646131		
-156.726	-0.0655149		
-156.944	-0.0664167		
-157.078	-0.0673185		
-157.274	-0.0682202		
-157.441	-0.069122		
-157.594	-0.0700238		
-157.718	-0.0709256		
-157.818	-0.0718273		
-157.887	-0.0727291		
-157.922	-0.0736309		
-157.989	-0.0745327		
-158.044	-0.0754344		
-158.084	-0.0763362		
-150.434	-0.0754329		
-142.923	-0.0745296		
-135.502	-0.0736262		
-128.162	-0.0727229		
-120.918	-0.0718196		
-113.779	-0.0709162		
-106.755	-0.0700129		
-99.8666	-0.0691096		
-93.151	-0.0682062		
-86.618	-0.0673029		
-80.2604	-0.0663996		
-74.0895	-0.0654962		
-68.1247	-0.0645929		
-62.3885	-0.0636896		
-56.8953	-0.0627862		
-51.6402	-0.0618829		
-46.6125	-0.0609796		
-41.8431	-0.0600762		
-37.3178	-0.0591729		
-33.0417	-0.0582696		
-29.0051	-0.0573662		
-25.21	-0.0564629		
-21.6705	-0.0555596		
-18.3662	-0.0546562		
-15.3029	-0.0537529		
-12.4558	-0.0528496		
-9.82169	-0.0519462		
-7.3802	-0.0510429		
-5.11101	-0.0501396		
-3.00474	-0.0492362		
-1.04475	-0.0483329		
0.781153	-0.0474296		
2.49044	-0.0465262		
4.08442	-0.0456229		
5.58414	-0.0447196		
6.99483	-0.0438162		
8.32678	-0.0429129		
9.58624	-0.0420096		
10.7785	-0.0411062		
11.9162	-0.0402029		
13.0039	-0.0392996		
14.0426	-0.0383962		
15.0378	-0.0374929		
15.999	-0.0365896		
16.9245	-0.0356862		
17.8207	-0.0347829		
18.6902	-0.0338796		
19.5298	-0.0329762		
20.3441	-0.0320729		
21.1366	-0.0311696		
21.9078	-0.0302662		
22.6585	-0.0293629		
23.3931	-0.0284596		
24.1125	-0.0275562		
24.8159	-0.0266529		
25.5031	-0.0257496		
26.1946	-0.0248462		
26.9037	-0.0239429		
27.599	-0.0230396		
28.2812	-0.0221362		
28.9522	-0.0212329		
29.6113	-0.0203296		
30.2598	-0.0194262		
30.8971	-0.0185229		
31.5269	-0.0176196		
32.1477	-0.0167162		
32.7698	-0.0158129		
33.3905	-0.0149096		
34.0046	-0.0140062		
34.6129	-0.0131029		
35.2718	-0.0121996		
35.9269	-0.0112962		
36.5732	-0.0103929		
37.2141	-0.00948956		
37.8444	-0.00858622		
38.468	-0.00768289		
39.1504	-0.00677956		
39.9013	-0.00587622		
40.6468	-0.00497289		
41.3782	-0.00406956		
42.1662	-0.00316622		
43.0859	-0.00226289		
44.026	-0.00135956		
45.0474	-0.000456224		
46.2545	0.000447109		
47.7317	0.00135044		
49.7484	0.00225378		
52.8169	0.00315711		
57.3373	0.00406044		
62.7363	0.00496378		
68.0843	0.00586711		
72.829	0.00677044		
76.6321	0.00767378		
79.7193	0.00857711		
82.3975	0.00948044		
84.7938	0.0103838		
87.0056	0.0112871		
89.0239	0.0121904		
90.9771	0.0130938		
92.8007	0.0139971		
94.4626	0.0149004		
96.0705	0.0158038		
97.6131	0.0167071		
99.0695	0.0176104		
100.405	0.0185138		
101.669	0.0194171		
102.869	0.0203204		
104.025	0.0212238		
105.168	0.0221271		
106.272	0.0230304		
107.285	0.0239338		
108.277	0.0248371		
109.24	0.0257404		
110.175	0.0266438		
111.095	0.0275471		
111.989	0.0284504		
112.847	0.0293538		
113.69	0.0302571		
114.532	0.0311604		
115.356	0.0320638		
116.166	0.0329671		
116.944	0.0338704		
117.677	0.0347738		
118.397	0.0356771		
119.118	0.0365804		
119.833	0.0374838		
120.537	0.0383871		
121.239	0.0392904		
121.939	0.0401938		
122.624	0.0410971		
123.305	0.0420004		
123.993	0.0429038		
124.667	0.0438071		
125.335	0.0447104		
126.012	0.0456138		
126.682	0.0465171		
127.347	0.0474204		
128.007	0.0483238		
128.662	0.0492271		
129.266	0.0501304		
129.851	0.0510338		
130.432	0.0519371		
131.009	0.0528404		
131.582	0.0537438		
132.151	0.0546471		
132.719	0.0555504		
133.282	0.0564538		
133.842	0.0573571		
134.4	0.0582604		
134.954	0.0591638		
135.505	0.0600671		
136.054	0.0609704		
136.6	0.0618738		
137.144	0.0627771		
137.685	0.0636804		
138.222	0.0645838		
138.755	0.0654871		
139.285	0.0663904		
139.819	0.0672938		
140.356	0.0681971		
140.897	0.0691004		
141.44	0.0700038		
141.969	0.0709071		
142.459	0.0718104		
142.831	0.0727138		
143.129	0.0736171		
143.423	0.0745204		
143.712	0.0754238		
143.997	0.0763271		
144.274	0.0772304		
144.551	0.0781338		
144.825	0.0790371		
145.096	0.0799404		
145.365	0.0808438		
145.632	0.0817471		
145.891	0.0826504		
146.142	0.0835538		
146.378	0.0844571		
146.598	0.0853604		
146.807	0.0862638		
139.673	0.0853638		
132.672	0.0844638		
125.77	0.0835638		
118.976	0.0826638		
112.297	0.0817638		
105.745	0.0808638		
99.3363	0.0799638		
93.0927	0.0790638		
87.0264	0.0781638		
81.1459	0.0772638		
75.4884	0.0763638		
70.0632	0.0754638		
64.8827	0.0745638		
59.9534	0.0736638		
55.2771	0.0727638		
50.8933	0.0718638		
46.7845	0.0709638		
42.9424	0.0700638		
39.3639	0.0691638		
36.0357	0.0682638		
32.9571	0.0673638		
30.1116	0.0664638		
27.4882	0.0655638		
25.0687	0.0646638		
22.8366	0.0637638		
20.7714	0.0628638		
18.8649	0.0619638		
17.1006	0.0610638		
15.4646	0.0601638		
13.9414	0.0592638		
12.519	0.0583638		
11.1894	0.0574638		
9.93687	0.0565638		
8.75326	0.0556638		
7.64101	0.0547638		
6.58486	0.0538638		
5.57795	0.0529638		
4.61935	0.0520638		
3.70183	0.0511638		
2.82169	0.0502638		
1.97778	0.0493638		
1.16705	0.0484638		
0.382677	0.0475638		
-0.377679	0.0466638		
-1.11391	0.0457638		
-1.82685	0.0448638		
-2.51912	0.0439638		
-3.1927	0.0430638		
-3.84963	0.0421638		
-4.48865	0.0412638		
-5.11435	0.0403638		
-5.72764	0.0394638		
-6.32948	0.0385638		
-6.91841	0.0376638		
-7.49562	0.0367638		
-8.06072	0.0358638		
-8.6172	0.0349638		
-9.16565	0.0340638		
-9.70539	0.0331638		
-10.2356	0.0322638		
-10.7592	0.0313638		
-11.2767	0.0304638		
-11.7884	0.0295638		
-12.3171	0.0286638		
-12.8615	0.0277638		
-13.3952	0.0268638		
-13.924	0.0259638		
-14.4482	0.0250638		
-14.9681	0.0241638		
-15.4839	0.0232638		
-15.993	0.0223638		
-16.4972	0.0214638		
-16.9977	0.0205638		
-17.5051	0.0196638		
-18.0091	0.0187638		
-18.5098	0.0178638		
-19.0062	0.0169638		
-19.4966	0.0160638		
-20.0308	0.0151638		
-20.5909	0.0142638		
-21.1468	0.0133638		
-21.6994	0.0124638		
-22.2611	0.0115638		
-22.8447	0.0106638		
-23.4246	0.00976378		
-24.0138	0.00886378		
-24.689	0.00796378		
-25.3548	0.00706378		
-26.0156	0.00616378		
-26.7262	0.00526378		
-27.5823	0.00436378		
-28.4292	0.00346378		
-29.3867	0.00256378		
-30.4965	0.00166378		
-31.8061	0.000763776		
-33.3951	-0.000136224		
-35.3981	-0.00103622		
-38.1225	-0.00193622		
-41.7937	-0.00283622		
-46.6669	-0.00373622		
-52.1468	-0.00463622		
-57.728	-0.00553622		
-63.1164	-0.00643622		
-68.1358	-0.00733622		
-72.4385	-0.00823622		
-76.1661	-0.00913622		
-79.6711	-0.0100362		
-82.8423	-0.0109362		
-85.7961	-0.0118362		
-88.4908	-0.0127362		
-90.9317	-0.0136362		
-93.2356	-0.0145362		
-95.3959	-0.0154362		
-97.3469	-0.0163362		
-99.1923	-0.0172362		
-100.953	-0.0181362		
-102.612	-0.0190362		
-104.18	-0.0199362		
-105.684	-0.0208362		
-107.16	-0.0217362		
-108.596	-0.0226362		
-109.969	-0.0235362		
-111.261	-0.0244362		
-112.473	-0.0253362		
-113.645	-0.0262362		
-114.813	-0.0271362		
-115.949	-0.0280362		
-117.058	-0.0289362		
-118.169	-0.0298362		
-119.257	-0.0307362		
-120.329	-0.0316362		
-121.342	-0.0325362		
-122.291	-0.0334362		
-123.207	-0.0343362		
-124.105	-0.0352362		
-124.984	-0.0361362		
-125.859	-0.0370362		
-126.735	-0.0379362		
-127.598	-0.0388362		
-128.466	-0.0397362		
-129.333	-0.0406362		
-130.2	-0.0415362		
-131.076	-0.0424362		
-131.94	-0.0433362		
-132.797	-0.0442362		
-133.578	-0.0451362		
-134.344	-0.0460362		
-135.096	-0.0469362		
-135.851	-0.0478362		
-136.599	-0.0487362		
-137.355	-0.0496362		
-138.11	-0.0505362		
-138.856	-0.0514362		
-139.617	-0.0523362		
-140.372	-0.0532362		
-141.132	-0.0541362		
-141.898	-0.0550362		
-142.66	-0.0559362		
-143.436	-0.0568362		
-144.208	-0.0577362		
-144.987	-0.0586362		
-145.772	-0.0595362		
-146.552	-0.0604362		
-147.314	-0.0613362		
-148.007	-0.0622362		
-148.686	-0.0631362		
-149.361	-0.0640362		
-150.034	-0.0649362		
-150.703	-0.0658362		
-151.368	-0.0667362		
-152.031	-0.0676362		
-152.689	-0.0685362		
-153.359	-0.0694362		
-154.035	-0.0703362		
-154.707	-0.0712362		
-155.359	-0.0721362		
-155.954	-0.0730362		
-156.412	-0.0739362		
-156.481	-0.0748362		
-156.416	-0.0757362		
-155.985	-0.0766362		
-155.415	-0.0775362		
-155.2	-0.0784362		
-154.435	-0.0793362		
-154.181	-0.0802362		
-154.011	-0.0811362		
-153.831	-0.0820362		
-153.394	-0.0829362		
-153.032	-0.0838362		
-152.734	-0.0847362		
-152.488	-0.0856362		
-152.375	-0.0865362		
-144.755	-0.0856352		
-137.27	-0.0847343		
-129.888	-0.0838333		
-122.591	-0.0829323		
-115.387	-0.0820313		
-108.286	-0.0811303		
-101.358	-0.0802293		
-94.6236	-0.0793283		
-88.0738	-0.0784274		
-81.7112	-0.0775264		
-75.5294	-0.0766254		
-69.5528	-0.0757244		
-63.7877	-0.0748234		
-58.2487	-0.0739224		
-52.944	-0.0730214		
-47.8705	-0.0721205		
-43.0532	-0.0712195		
-38.5297	-0.0703185		
-34.239	-0.0694175		
-30.1964	-0.0685165		
-26.3947	-0.0676155		
-22.8418	-0.0667145		
-19.5173	-0.0658136		
-16.4261	-0.0649126		
-13.5549	-0.0640116		
-10.8918	-0.0631106		
-8.42078	-0.0622096		
-6.13267	-0.0613086		
-3.9968	-0.0604077		
-2.01171	-0.0595067		
-0.158483	-0.0586057		
1.57476	-0.0577047		
3.19495	-0.0568037		
4.71797	-0.0559027		
6.15441	-0.0550017		
7.50965	-0.0541008		
8.79072	-0.0531998		
10.0069	-0.0522988		
11.1742	-0.0513978		
12.2858	-0.0504968		
13.3494	-0.0495958		
14.3703	-0.0486948		
15.3524	-0.0477939		
16.2959	-0.0468929		
17.2059	-0.0459919		
18.0865	-0.0450909		
18.9271	-0.0441899		
19.7327	-0.0432889		
20.5127	-0.0423879		
21.2717	-0.041487		
22.0113	-0.040586		
22.7642	-0.039685		
23.5046	-0.038784		
24.2294	-0.037883		
24.9396	-0.036982		
25.636	-0.0360811		
26.3194	-0.0351801		
26.9892	-0.0342791		
27.6465	-0.0333781		
28.2933	-0.0324771		
28.9301	-0.0315761		
29.5574	-0.0306751		
30.1759	-0.0297742		
30.7861	-0.0288732		
31.3884	-0.0279722		
31.9833	-0.0270712		
32.5712	-0.0261702		
33.1523	-0.0252692		
33.7271	-0.0243682		
34.2832	-0.0234673		
34.8415	-0.0225663		
35.3939	-0.0216653		
35.9406	-0.0207643		
36.5235	-0.0198633		
37.1104	-0.0189623		
37.6922	-0.0180613		
38.2691	-0.0171604		
38.8412	-0.0162594		
39.4089	-0.0153584		
39.9722	-0.0144574		
40.531	-0.0135564		
41.0855	-0.0126554		
41.6364	-0.0117545		
42.1836	-0.0108535		
42.8319	-0.00995248		
43.5095	-0.0090515		
44.1818	-0.00815051		
44.8243	-0.00724952		
45.4302	-0.00634854		
46.049	-0.00544755		
46.7568	-0.00454657		
47.5048	-0.00364558		
48.27	-0.0027446		
49.1146	-0.00184361		
49.9264	-0.000942628		
50.9267	-4.16428E-05		
52.0855	0.000859342		
53.5843	0.00176033		
55.6575	0.00266131		
58.6576	0.0035623		
62.8274	0.00446328		
67.4351	0.00536427		
72.1237	0.00626525		
76.6131	0.00716624		
80.3699	0.00806722		
83.3365	0.00896821		
85.8188	0.00986919		
87.9776	0.0107702		
89.8818	0.0116712		
91.6205	0.0125722		
93.2181	0.0134731		
94.6976	0.0143741		
96.144	0.0152751		
97.4525	0.0161761		
98.643	0.0170771		
99.8155	0.0179781		
100.949	0.018879		
102.072	0.01978		
103.16	0.020681		
104.174	0.021582		
105.117	0.022483		
106.043	0.023384		
106.949	0.024285		
107.833	0.0251859		
108.685	0.0260869		
109.519	0.0269879		
110.316	0.0278889		
111.061	0.0287899		
111.79	0.0296909		
112.516	0.0305919		
113.237	0.0314928		
113.938	0.0323938		
114.622	0.0332948		
115.295	0.0341958		
115.964	0.0350968		
116.624	0.0359978		
117.274	0.0368988		
117.926	0.0377997		
118.58	0.0387007		
119.227	0.0396017		
119.867	0.0405027		
120.481	0.0414037		
121.066	0.0423047		
121.645	0.0432056		
122.218	0.0441066		
122.794	0.0450076		
123.373	0.0459086		
123.944	0.0468096		
124.505	0.0477106		
125.071	0.0486116		
125.639	0.0495125		
126.204	0.0504135		
126.764	0.0513145		
127.325	0.0522155		
127.888	0.0531165		
128.447	0.0540175		
129.003	0.0549185		
129.572	0.0558194		
130.138	0.0567204		
130.702	0.0576214		
131.27	0.0585224		
131.844	0.0594234		
132.417	0.0603244		
132.989	0.0612254		
133.574	0.0621263		
134.14	0.0630273		
134.664	0.0639283		
135.187	0.0648293		
135.707	0.0657303		
136.225	0.0666313		
136.742	0.0675322		
137.256	0.0684332		
137.77	0.0693342		
138.281	0.0702352		
138.79	0.0711362		
139.298	0.0720372		
139.804	0.0729382		
140.305	0.0738391		
140.804	0.0747401		
141.299	0.0756411		
141.8	0.0765421		
142.301	0.0774431		
142.806	0.0783441		
143.312	0.0792451		
143.807	0.080146		
144.276	0.081047		
144.665	0.081948		
144.935	0.082849		
145.194	0.08375		
145.443	0.084651		
145.686	0.085552		
145.926	0.0864529		
146.163	0.0873539		
146.384	0.0882549		
146.567	0.0891559		
135.126	0.0900569		
135.455	0.0909579		
135.743	0.0918588		
90.8603	0.0927598		
91.1538	0.0936608		
59.5319	0.0945618		
59.7351	0.0954628		
59.8606	0.0963638		
57.5379	0.0954619		
55.5916	0.09456		
53.9362	0.0936582		
52.5264	0.0927563		
51.3181	0.0918544		
50.2738	0.0909526		
49.3655	0.0900507		
48.5738	0.0891488		
47.8739	0.088247		
47.2525	0.0873451		
46.6916	0.0864432		
46.1758	0.0855413		
45.6663	0.0846395		
45.1922	0.0837376		
44.7468	0.0828357		
44.3334	0.0819339		
43.9424	0.081032		
43.5705	0.0801301		
43.2223	0.0792283		
42.8939	0.0783264		
42.579	0.0774245		
42.2812	0.0765227		
41.9955	0.0756208		
41.7206	0.0747189		
41.4613	0.073817		
41.2132	0.0729152		
40.973	0.0720133		
40.7403	0.0711114		
40.5156	0.0702096		
40.3033	0.0693077		
40.0982	0.0684058		
39.8987	0.067504		
39.7046	0.0666021		
39.5155	0.0657002		
39.3348	0.0647984		
39.1618	0.0638965		
38.993	0.0629946		
38.828	0.0620927		
38.6668	0.0611909		
38.509	0.060289		
38.3569	0.0593871		
38.2109	0.0584853		
38.0685	0.0575834		
37.9288	0.0566815		
37.7917	0.0557797		
37.6572	0.0548778		
37.5276	0.0539759		
37.3974	0.0530741		
37.2693	0.0521722		
37.1017	0.0512703		
36.9019	0.0503684		
36.7086	0.0494666		
36.5196	0.0485647		
36.3329	0.0476628		
36.1483	0.046761		
35.9658	0.0458591		
35.7869	0.0449572		
35.6128	0.0440554		
35.4422	0.0431535		
35.2756	0.0422516		
35.1053	0.0413498		
34.9216	0.0404479		
34.7428	0.039546		
34.5672	0.0386441		
34.3934	0.0377423		
34.2212	0.0368404		
34.0506	0.0359385		
33.8829	0.0350367		
33.7225	0.0341348		
33.5447	0.0332329		
33.2798	0.0323311		
33.0169	0.0314292		
32.7598	0.0305273		
32.5163	0.0296255		
32.2808	0.0287236		
32.0248	0.0278217		
31.7318	0.0269199		
31.4425	0.026018		
31.1591	0.0251161		
30.8777	0.0242142		
30.5709	0.0233124		
30.1534	0.0224105		
29.7428	0.0215086		
29.366	0.0206068		
28.9953	0.0197049		
28.5965	0.018803		
28.1341	0.0179012		
27.5851	0.0169993		
26.9559	0.0160974		
26.3327	0.0151956		
25.7541	0.0142937		
25.1109	0.0133918		
24.1887	0.0124899		
23.2818	0.0115881		
22.3794	0.0106862		
21.1924	0.00978434		
19.9344	0.00888247		
18.4484	0.0079806		
16.7928	0.00707873		
14.8589	0.00617686		
12.5189	0.00527499		
9.8014	0.00437312		
6.5747	0.00347125		
2.60705	0.00256938		
-2.05825	0.00166751		
-7.43475	0.000765645		
-13.0406	-0.000136224		
-18.9727	-0.00103809		
-24.7789	-0.00193996		
-30.2436	-0.00284183		
-35.4041	-0.0037437		
-40.1456	-0.00464557		
-44.3412	-0.00554744		
-48.0968	-0.00644931		
-51.7439	-0.00735118		
-55.2225	-0.00825305		
-58.4571	-0.00915492		
-61.3242	-0.0100568		
-63.965	-0.0109587		
-66.3099	-0.0118605		
-68.528	-0.0127624		
-70.5234	-0.0136643		
-72.4499	-0.0145661		
-74.2733	-0.015468		
-75.9265	-0.0163699		
-77.4882	-0.0172717		
-79.0016	-0.0181736		
-80.4697	-0.0190755		
-81.937	-0.0199773		
-83.5117	-0.0208792		
-85.0036	-0.0217811		
-86.4613	-0.022683		
-87.8883	-0.0235848		
-89.2875	-0.0244867		
-90.6633	-0.0253886		
-91.972	-0.0262904		
-93.1519	-0.0271923		
-94.3136	-0.0280942		
-95.4077	-0.028996		
-96.4358	-0.0298979		
-97.4522	-0.0307998		
-98.4398	-0.0317016		
-99.4092	-0.0326035		
-100.398	-0.0335054		
-101.373	-0.0344073		
-102.325	-0.0353091		
-103.209	-0.036211		
-104.08	-0.0371129		
-104.938	-0.0380147		
-105.81	-0.0389166		
-106.669	-0.0398185		
-107.517	-0.0407203		
-108.388	-0.0416222		
-109.251	-0.0425241		
-110.105	-0.0434259		
-110.976	-0.0443278		
-111.653	-0.0452297		
-112.262	-0.0461316		
-112.948	-0.0470334		
-113.634	-0.0479353		
-114.343	-0.0488372		
-115.01	-0.049739		
-115.665	-0.0506409		
-116.282	-0.0515428		
-116.867	-0.0524446		
-117.397	-0.0533465		
-117.879	-0.0542484		
-118.43	-0.0551502		
-119	-0.0560521		
-119.56	-0.056954		
-120.056	-0.0578559		
-120.562	-0.0587577		
-121.121	-0.0596596		
-121.613	-0.0605615		
-121.705	-0.0614633		
-121.041	-0.0623652		
-120.03	-0.0632671		
-119.127	-0.0641689		
-118.446	-0.0650708		
-117.941	-0.0659727		
-117.494	-0.0668745		
-117.099	-0.0677764		
-115.425	-0.0686783		
-112.148	-0.0695801		
-112.416	-0.070482		
-112.071	-0.0713839		
-111.439	-0.0722858		
-110.856	-0.0731876		
-110.682	-0.0740895		
-110.447	-0.0749914		
-109.31	-0.0758932		
-105.738	-0.0767951		
-105.925	-0.077697		
-105.945	-0.0785988		
-105.472	-0.0795007		
-104.86	-0.0804026		
-103.934	-0.0813044		
-103.014	-0.0822063		
-102.954	-0.0831082		
-102.973	-0.0840101		
-102.96	-0.0849119		
-102.523	-0.0858138		
-100.278	-0.0867157		
-100.033	-0.0876175		
-99.365	-0.0885194		
-99.2541	-0.0894213		
-99.1258	-0.0903231		
-98.9416	-0.091225		
-98.7907	-0.0921269		
-98.5733	-0.0930287		
-98.2422	-0.0939306		
-97.3769	-0.0948325		
-94.7063	-0.0957344		
-95.1846	-0.0966362		
-87.8433	-0.0957344		
-80.7732	-0.0948325		
-73.8516	-0.0939306		
-67.0012	-0.0930287		
-60.4509	-0.0921269		
-54.3192	-0.091225		
-48.5432	-0.0903231		
-43.0671	-0.0894213		
-37.8408	-0.0885194		
-32.8005	-0.0876175		
-27.9549	-0.0867157		
-23.2904	-0.0858138		
-18.832	-0.0849119		
-14.542	-0.0840101		
-10.4336	-0.0831082		
-6.87702	-0.0822063		
-3.9065	-0.0813044		
-1.31934	-0.0804026		
0.982456	-0.0795007		
3.04812	-0.0785988		
4.95463	-0.077697		
6.60742	-0.0767951		
8.13133	-0.0758932		
9.54238	-0.0749914		
10.85	-0.0740895		
12.0639	-0.0731876		
13.194	-0.0722858		
14.2485	-0.0713839		
15.2361	-0.070482		
16.1629	-0.0695801		
17.0349	-0.0686783		
17.8576	-0.0677764		
18.6359	-0.0668745		
19.3741	-0.0659727		
20.0761	-0.0650708		
20.7454	-0.0641689		
21.3719	-0.0632671		
21.9454	-0.0623652		
22.4948	-0.0614633		
23.022	-0.0605615		
23.5291	-0.0596596		
24.0175	-0.0587577		
24.488	-0.0578559		
24.9426	-0.056954		
25.3826	-0.0560521		
25.8092	-0.0551502		
26.2041	-0.0542484		
26.5761	-0.0533465		
26.9379	-0.0524446		
27.2901	-0.0515428		
27.6336	-0.0506409		
27.9689	-0.049739		
28.2965	-0.0488372		
28.6171	-0.0479353		
28.9309	-0.0470334		
29.2385	-0.0461316		
29.5402	-0.0452297		
29.8363	-0.0443278		
30.1272	-0.0434259		
30.4132	-0.0425241		
30.6945	-0.0416222		
30.9714	-0.0407203		
31.2442	-0.0398185		
31.513	-0.0389166		
31.7781	-0.0380147		
32.0393	-0.0371129		
32.2971	-0.036211		
32.5518	-0.0353091		
32.7935	-0.0344073		
33.0188	-0.0335054		
33.2415	-0.0326035		
33.4617	-0.0317016		
33.6796	-0.0307998		
33.8952	-0.0298979		
34.1087	-0.028996		
34.3201	-0.0280942		
34.5296	-0.0271923		
34.7373	-0.0262904		
34.9431	-0.0253886		
35.1472	-0.0244867		
35.3497	-0.0235848		
35.5507	-0.022683		
35.7501	-0.0217811		
35.9481	-0.0208792		
36.1447	-0.0199773		
36.34	-0.0190755		
36.5339	-0.0181736		
36.7267	-0.0172717		
36.9182	-0.0163699		
37.1192	-0.015468		
37.3328	-0.0145661		
37.5449	-0.0136643		
37.7561	-0.0127624		
37.9663	-0.0118605		
38.1756	-0.0109587		
38.3921	-0.0100568		
38.6124	-0.00915492		
38.8277	-0.00825305		
39.0249	-0.00735118		
39.2214	-0.00644931		
39.4173	-0.00554744		
39.6149	-0.00464557		
39.852	-0.0037437		
40.0844	-0.00284183		
40.2846	-0.00193996		
40.4841	-0.00103809		
40.7381	-0.000136224		
